{
 "cells": [
  {
   "cell_type": "code",
   "execution_count": 16,
   "metadata": {},
   "outputs": [],
   "source": [
    "# multi-class classification with Keras\n",
    "import pandas as pd\n",
    "from keras.models import Sequential\n",
    "from keras.layers import Dense\n",
    "from keras.wrappers.scikit_learn import KerasClassifier\n",
    "from keras.utils import np_utils\n",
    "from sklearn.model_selection import cross_val_score\n",
    "from sklearn.model_selection import KFold\n",
    "from sklearn.preprocessing import LabelEncoder\n"
   ]
  },
  {
   "cell_type": "code",
   "execution_count": 27,
   "metadata": {},
   "outputs": [],
   "source": [
    "from sklearn import datasets\n",
    "# load dataset\n",
    "\n",
    "# Load digits dataset\n",
    "iris = datasets.load_iris()\n",
    "\n",
    "# Create feature matrix\n",
    "X = iris.data\n",
    "\n",
    "# Create target vector\n",
    "Y = iris.target\n",
    "\n",
    "dataframeX = pd.DataFrame(X)\n",
    "dataframeY = pd.DataFrame(y)\n",
    "#dataframe = pandas.read_csv(X, header=None)\n",
    "\n",
    "#dataframe = pandas.read_csv(\"https://archive.ics.uci.edu/ml/machine-learning-databases/iris/iris.data\", header=None)\n"
   ]
  },
  {
   "cell_type": "code",
   "execution_count": 22,
   "metadata": {},
   "outputs": [],
   "source": [
    "dataset = dataframe.values\n",
    "\n",
    "X = dataset[:,0:4].astype(float)\n",
    "Y = dataset[:,4]"
   ]
  },
  {
   "cell_type": "code",
   "execution_count": 24,
   "metadata": {
    "collapsed": true,
    "jupyter": {
     "outputs_hidden": true
    }
   },
   "outputs": [
    {
     "data": {
      "text/plain": [
       "array([[5.1, 3.5, 1.4, 0.2],\n",
       "       [4.9, 3. , 1.4, 0.2],\n",
       "       [4.7, 3.2, 1.3, 0.2],\n",
       "       [4.6, 3.1, 1.5, 0.2],\n",
       "       [5. , 3.6, 1.4, 0.2],\n",
       "       [5.4, 3.9, 1.7, 0.4],\n",
       "       [4.6, 3.4, 1.4, 0.3],\n",
       "       [5. , 3.4, 1.5, 0.2],\n",
       "       [4.4, 2.9, 1.4, 0.2],\n",
       "       [4.9, 3.1, 1.5, 0.1],\n",
       "       [5.4, 3.7, 1.5, 0.2],\n",
       "       [4.8, 3.4, 1.6, 0.2],\n",
       "       [4.8, 3. , 1.4, 0.1],\n",
       "       [4.3, 3. , 1.1, 0.1],\n",
       "       [5.8, 4. , 1.2, 0.2],\n",
       "       [5.7, 4.4, 1.5, 0.4],\n",
       "       [5.4, 3.9, 1.3, 0.4],\n",
       "       [5.1, 3.5, 1.4, 0.3],\n",
       "       [5.7, 3.8, 1.7, 0.3],\n",
       "       [5.1, 3.8, 1.5, 0.3],\n",
       "       [5.4, 3.4, 1.7, 0.2],\n",
       "       [5.1, 3.7, 1.5, 0.4],\n",
       "       [4.6, 3.6, 1. , 0.2],\n",
       "       [5.1, 3.3, 1.7, 0.5],\n",
       "       [4.8, 3.4, 1.9, 0.2],\n",
       "       [5. , 3. , 1.6, 0.2],\n",
       "       [5. , 3.4, 1.6, 0.4],\n",
       "       [5.2, 3.5, 1.5, 0.2],\n",
       "       [5.2, 3.4, 1.4, 0.2],\n",
       "       [4.7, 3.2, 1.6, 0.2],\n",
       "       [4.8, 3.1, 1.6, 0.2],\n",
       "       [5.4, 3.4, 1.5, 0.4],\n",
       "       [5.2, 4.1, 1.5, 0.1],\n",
       "       [5.5, 4.2, 1.4, 0.2],\n",
       "       [4.9, 3.1, 1.5, 0.2],\n",
       "       [5. , 3.2, 1.2, 0.2],\n",
       "       [5.5, 3.5, 1.3, 0.2],\n",
       "       [4.9, 3.6, 1.4, 0.1],\n",
       "       [4.4, 3. , 1.3, 0.2],\n",
       "       [5.1, 3.4, 1.5, 0.2],\n",
       "       [5. , 3.5, 1.3, 0.3],\n",
       "       [4.5, 2.3, 1.3, 0.3],\n",
       "       [4.4, 3.2, 1.3, 0.2],\n",
       "       [5. , 3.5, 1.6, 0.6],\n",
       "       [5.1, 3.8, 1.9, 0.4],\n",
       "       [4.8, 3. , 1.4, 0.3],\n",
       "       [5.1, 3.8, 1.6, 0.2],\n",
       "       [4.6, 3.2, 1.4, 0.2],\n",
       "       [5.3, 3.7, 1.5, 0.2],\n",
       "       [5. , 3.3, 1.4, 0.2],\n",
       "       [7. , 3.2, 4.7, 1.4],\n",
       "       [6.4, 3.2, 4.5, 1.5],\n",
       "       [6.9, 3.1, 4.9, 1.5],\n",
       "       [5.5, 2.3, 4. , 1.3],\n",
       "       [6.5, 2.8, 4.6, 1.5],\n",
       "       [5.7, 2.8, 4.5, 1.3],\n",
       "       [6.3, 3.3, 4.7, 1.6],\n",
       "       [4.9, 2.4, 3.3, 1. ],\n",
       "       [6.6, 2.9, 4.6, 1.3],\n",
       "       [5.2, 2.7, 3.9, 1.4],\n",
       "       [5. , 2. , 3.5, 1. ],\n",
       "       [5.9, 3. , 4.2, 1.5],\n",
       "       [6. , 2.2, 4. , 1. ],\n",
       "       [6.1, 2.9, 4.7, 1.4],\n",
       "       [5.6, 2.9, 3.6, 1.3],\n",
       "       [6.7, 3.1, 4.4, 1.4],\n",
       "       [5.6, 3. , 4.5, 1.5],\n",
       "       [5.8, 2.7, 4.1, 1. ],\n",
       "       [6.2, 2.2, 4.5, 1.5],\n",
       "       [5.6, 2.5, 3.9, 1.1],\n",
       "       [5.9, 3.2, 4.8, 1.8],\n",
       "       [6.1, 2.8, 4. , 1.3],\n",
       "       [6.3, 2.5, 4.9, 1.5],\n",
       "       [6.1, 2.8, 4.7, 1.2],\n",
       "       [6.4, 2.9, 4.3, 1.3],\n",
       "       [6.6, 3. , 4.4, 1.4],\n",
       "       [6.8, 2.8, 4.8, 1.4],\n",
       "       [6.7, 3. , 5. , 1.7],\n",
       "       [6. , 2.9, 4.5, 1.5],\n",
       "       [5.7, 2.6, 3.5, 1. ],\n",
       "       [5.5, 2.4, 3.8, 1.1],\n",
       "       [5.5, 2.4, 3.7, 1. ],\n",
       "       [5.8, 2.7, 3.9, 1.2],\n",
       "       [6. , 2.7, 5.1, 1.6],\n",
       "       [5.4, 3. , 4.5, 1.5],\n",
       "       [6. , 3.4, 4.5, 1.6],\n",
       "       [6.7, 3.1, 4.7, 1.5],\n",
       "       [6.3, 2.3, 4.4, 1.3],\n",
       "       [5.6, 3. , 4.1, 1.3],\n",
       "       [5.5, 2.5, 4. , 1.3],\n",
       "       [5.5, 2.6, 4.4, 1.2],\n",
       "       [6.1, 3. , 4.6, 1.4],\n",
       "       [5.8, 2.6, 4. , 1.2],\n",
       "       [5. , 2.3, 3.3, 1. ],\n",
       "       [5.6, 2.7, 4.2, 1.3],\n",
       "       [5.7, 3. , 4.2, 1.2],\n",
       "       [5.7, 2.9, 4.2, 1.3],\n",
       "       [6.2, 2.9, 4.3, 1.3],\n",
       "       [5.1, 2.5, 3. , 1.1],\n",
       "       [5.7, 2.8, 4.1, 1.3],\n",
       "       [6.3, 3.3, 6. , 2.5],\n",
       "       [5.8, 2.7, 5.1, 1.9],\n",
       "       [7.1, 3. , 5.9, 2.1],\n",
       "       [6.3, 2.9, 5.6, 1.8],\n",
       "       [6.5, 3. , 5.8, 2.2],\n",
       "       [7.6, 3. , 6.6, 2.1],\n",
       "       [4.9, 2.5, 4.5, 1.7],\n",
       "       [7.3, 2.9, 6.3, 1.8],\n",
       "       [6.7, 2.5, 5.8, 1.8],\n",
       "       [7.2, 3.6, 6.1, 2.5],\n",
       "       [6.5, 3.2, 5.1, 2. ],\n",
       "       [6.4, 2.7, 5.3, 1.9],\n",
       "       [6.8, 3. , 5.5, 2.1],\n",
       "       [5.7, 2.5, 5. , 2. ],\n",
       "       [5.8, 2.8, 5.1, 2.4],\n",
       "       [6.4, 3.2, 5.3, 2.3],\n",
       "       [6.5, 3. , 5.5, 1.8],\n",
       "       [7.7, 3.8, 6.7, 2.2],\n",
       "       [7.7, 2.6, 6.9, 2.3],\n",
       "       [6. , 2.2, 5. , 1.5],\n",
       "       [6.9, 3.2, 5.7, 2.3],\n",
       "       [5.6, 2.8, 4.9, 2. ],\n",
       "       [7.7, 2.8, 6.7, 2. ],\n",
       "       [6.3, 2.7, 4.9, 1.8],\n",
       "       [6.7, 3.3, 5.7, 2.1],\n",
       "       [7.2, 3.2, 6. , 1.8],\n",
       "       [6.2, 2.8, 4.8, 1.8],\n",
       "       [6.1, 3. , 4.9, 1.8],\n",
       "       [6.4, 2.8, 5.6, 2.1],\n",
       "       [7.2, 3. , 5.8, 1.6],\n",
       "       [7.4, 2.8, 6.1, 1.9],\n",
       "       [7.9, 3.8, 6.4, 2. ],\n",
       "       [6.4, 2.8, 5.6, 2.2],\n",
       "       [6.3, 2.8, 5.1, 1.5],\n",
       "       [6.1, 2.6, 5.6, 1.4],\n",
       "       [7.7, 3. , 6.1, 2.3],\n",
       "       [6.3, 3.4, 5.6, 2.4],\n",
       "       [6.4, 3.1, 5.5, 1.8],\n",
       "       [6. , 3. , 4.8, 1.8],\n",
       "       [6.9, 3.1, 5.4, 2.1],\n",
       "       [6.7, 3.1, 5.6, 2.4],\n",
       "       [6.9, 3.1, 5.1, 2.3],\n",
       "       [5.8, 2.7, 5.1, 1.9],\n",
       "       [6.8, 3.2, 5.9, 2.3],\n",
       "       [6.7, 3.3, 5.7, 2.5],\n",
       "       [6.7, 3. , 5.2, 2.3],\n",
       "       [6.3, 2.5, 5. , 1.9],\n",
       "       [6.5, 3. , 5.2, 2. ],\n",
       "       [6.2, 3.4, 5.4, 2.3],\n",
       "       [5.9, 3. , 5.1, 1.8]])"
      ]
     },
     "execution_count": 24,
     "metadata": {},
     "output_type": "execute_result"
    }
   ],
   "source": [
    "dataset"
   ]
  },
  {
   "cell_type": "code",
   "execution_count": 28,
   "metadata": {},
   "outputs": [
    {
     "name": "stdout",
     "output_type": "stream",
     "text": [
      "Baseline: 97.33% (4.42%)\n"
     ]
    }
   ],
   "source": [
    "\n",
    "# encode class values as integers\n",
    "encoder = LabelEncoder()\n",
    "encoder.fit(Y)\n",
    "encoded_Y = encoder.transform(Y)\n",
    "# convert integers to dummy variables (i.e. one hot encoded)\n",
    "dummy_y = np_utils.to_categorical(encoded_Y)\n",
    "\n",
    "# define baseline model\n",
    "def baseline_model():\n",
    "\t# create model\n",
    "\tmodel = Sequential()\n",
    "\tmodel.add(Dense(8, input_dim=4, activation='relu'))\n",
    "\tmodel.add(Dense(3, activation='softmax'))\n",
    "\t# Compile model\n",
    "\tmodel.compile(loss='categorical_crossentropy', optimizer='adam', metrics=['accuracy'])\n",
    "\treturn model\n",
    "\n",
    "estimator = KerasClassifier(build_fn=baseline_model, epochs=200, batch_size=5, verbose=0)\n",
    "kfold = KFold(n_splits=10, shuffle=True)\n",
    "results = cross_val_score(estimator, X, dummy_y, cv=kfold)\n",
    "print(\"Baseline: %.2f%% (%.2f%%)\" % (results.mean()*100, results.std()*100))"
   ]
  },
  {
   "cell_type": "code",
   "execution_count": 38,
   "metadata": {},
   "outputs": [
    {
     "name": "stdout",
     "output_type": "stream",
     "text": [
      "[[0.         0.02564103 0.97435897]\n",
      " [0.         0.91666667 0.08333333]\n",
      " [1.         0.         0.        ]\n",
      " [0.         0.02564103 0.97435897]\n",
      " [1.         0.         0.        ]\n",
      " [0.         0.02564103 0.97435897]\n",
      " [1.         0.         0.        ]\n",
      " [0.         0.91666667 0.08333333]\n",
      " [0.         0.91666667 0.08333333]\n",
      " [0.         0.91666667 0.08333333]\n",
      " [0.         0.02564103 0.97435897]\n",
      " [0.         0.91666667 0.08333333]\n",
      " [0.         0.91666667 0.08333333]\n",
      " [0.         0.91666667 0.08333333]\n",
      " [0.         0.91666667 0.08333333]\n",
      " [1.         0.         0.        ]\n",
      " [0.         0.91666667 0.08333333]\n",
      " [0.         0.91666667 0.08333333]\n",
      " [1.         0.         0.        ]\n",
      " [1.         0.         0.        ]\n",
      " [0.         0.91666667 0.08333333]\n",
      " [0.         0.91666667 0.08333333]\n",
      " [1.         0.         0.        ]\n",
      " [1.         0.         0.        ]\n",
      " [0.         0.91666667 0.08333333]\n",
      " [1.         0.         0.        ]\n",
      " [1.         0.         0.        ]\n",
      " [0.         0.91666667 0.08333333]\n",
      " [0.         0.91666667 0.08333333]\n",
      " [1.         0.         0.        ]\n",
      " [0.         0.02564103 0.97435897]\n",
      " [0.         0.91666667 0.08333333]\n",
      " [1.         0.         0.        ]\n",
      " [0.         0.91666667 0.08333333]\n",
      " [0.         0.02564103 0.97435897]\n",
      " [0.         0.91666667 0.08333333]\n",
      " [1.         0.         0.        ]\n",
      " [0.         0.02564103 0.97435897]]\n"
     ]
    }
   ],
   "source": [
    "# importing necessary libraries \n",
    "from sklearn import datasets \n",
    "from sklearn.metrics import confusion_matrix \n",
    "from sklearn.model_selection import train_test_split \n",
    "  \n",
    "# loading the iris dataset \n",
    "iris = datasets.load_iris() \n",
    "  \n",
    "# X -> features, y -> label \n",
    "X = iris.data \n",
    "y = iris.target \n",
    "  \n",
    "# dividing X, y into train and test data \n",
    "X_train, X_test, y_train, y_test = train_test_split(X, y, random_state = 0) \n",
    "  \n",
    "# training a DescisionTreeClassifier \n",
    "from sklearn.tree import DecisionTreeClassifier \n",
    "dtree_model = DecisionTreeClassifier(max_depth = 2).fit(X_train, y_train) \n",
    "dtree_predictions = dtree_model.predict(X_test) \n",
    "\n",
    "print(dtree_model.predict_proba(X_test) )\n",
    "  \n",
    "# creating a confusion matrix \n",
    "cm = confusion_matrix(y_test, dtree_predictions) "
   ]
  },
  {
   "cell_type": "code",
   "execution_count": 43,
   "metadata": {},
   "outputs": [
    {
     "name": "stdout",
     "output_type": "stream",
     "text": [
      "[[1.08764700e-02 4.74888124e-03 9.84374649e-01]\n",
      " [9.84906555e-03 9.84956526e-01 5.19440833e-03]\n",
      " [9.81381026e-01 1.08987430e-02 7.72023056e-03]\n",
      " [3.06685636e-03 3.87064283e-03 9.93062501e-01]\n",
      " [9.55374161e-01 3.12815237e-02 1.33443151e-02]\n",
      " [3.29073813e-03 2.38091965e-04 9.96471170e-01]\n",
      " [9.69749017e-01 2.01384419e-02 1.01125412e-02]\n",
      " [4.97261775e-03 9.41752372e-01 5.32750098e-02]\n",
      " [4.32241026e-03 9.19684941e-01 7.59926484e-02]\n",
      " [1.40952963e-02 9.79655789e-01 6.24891472e-03]\n",
      " [9.16788837e-03 3.70901496e-02 9.53741962e-01]\n",
      " [6.89753257e-03 9.61905744e-01 3.11967237e-02]\n",
      " [6.02569454e-03 9.15606149e-01 7.83681566e-02]\n",
      " [5.75470364e-03 9.15292180e-01 7.89531160e-02]\n",
      " [8.16088658e-03 8.46074451e-01 1.45764663e-01]\n",
      " [9.71827078e-01 1.81508641e-02 1.00220581e-02]\n",
      " [8.57806086e-03 8.84954869e-01 1.06467070e-01]\n",
      " [9.07873508e-03 9.08572485e-01 8.23487803e-02]\n",
      " [9.44668237e-01 4.07319939e-02 1.45997693e-02]\n",
      " [9.76480791e-01 1.48225701e-02 8.69663935e-03]\n",
      " [1.83367389e-02 4.55073192e-02 9.36155942e-01]\n",
      " [1.27866729e-02 8.05361126e-01 1.81852201e-01]\n",
      " [9.08903031e-01 6.72051436e-02 2.38918254e-02]\n",
      " [9.43550331e-01 4.13826641e-02 1.50670054e-02]\n",
      " [1.68602699e-02 3.80627800e-01 6.02511930e-01]\n",
      " [9.85802142e-01 8.21817833e-03 5.97967923e-03]\n",
      " [9.22677506e-01 5.48615628e-02 2.24609314e-02]\n",
      " [8.51837642e-03 9.78447640e-01 1.30339839e-02]\n",
      " [6.07237088e-02 9.24916964e-01 1.43593269e-02]\n",
      " [9.37722235e-01 4.49643537e-02 1.73134115e-02]\n",
      " [1.05933626e-02 4.57182461e-02 9.43688391e-01]\n",
      " [1.64549335e-02 7.35385701e-01 2.48159366e-01]\n",
      " [9.58929567e-01 2.85487345e-02 1.25216984e-02]\n",
      " [1.75376087e-02 3.02107511e-01 6.80354881e-01]\n",
      " [6.09170758e-03 3.08613554e-03 9.90822157e-01]\n",
      " [1.75919401e-02 9.54093723e-01 2.83143364e-02]\n",
      " [9.48621854e-01 3.63894862e-02 1.49886593e-02]\n",
      " [1.52699695e-02 1.57914177e-01 8.26815853e-01]]\n"
     ]
    },
    {
     "ename": "TypeError",
     "evalue": "'numpy.ndarray' object is not callable",
     "output_type": "error",
     "traceback": [
      "\u001b[1;31m---------------------------------------------------------------------------\u001b[0m",
      "\u001b[1;31mTypeError\u001b[0m                                 Traceback (most recent call last)",
      "\u001b[1;32m<ipython-input-43-d1785673d70c>\u001b[0m in \u001b[0;36m<module>\u001b[1;34m\u001b[0m\n\u001b[0;32m     27\u001b[0m \u001b[0mcm\u001b[0m \u001b[1;33m=\u001b[0m \u001b[0mconfusion_matrix\u001b[0m\u001b[1;33m(\u001b[0m\u001b[0my_test\u001b[0m\u001b[1;33m,\u001b[0m \u001b[0msvm_predictions\u001b[0m\u001b[1;33m)\u001b[0m\u001b[1;33m\u001b[0m\u001b[1;33m\u001b[0m\u001b[0m\n\u001b[0;32m     28\u001b[0m \u001b[1;33m\u001b[0m\u001b[0m\n\u001b[1;32m---> 29\u001b[1;33m \u001b[0mprint\u001b[0m\u001b[1;33m(\u001b[0m\u001b[0msvm_model_linear\u001b[0m\u001b[1;33m.\u001b[0m\u001b[0mprobB_\u001b[0m\u001b[1;33m(\u001b[0m\u001b[0mX_test\u001b[0m\u001b[1;33m)\u001b[0m \u001b[1;33m)\u001b[0m\u001b[1;33m\u001b[0m\u001b[1;33m\u001b[0m\u001b[0m\n\u001b[0m",
      "\u001b[1;31mTypeError\u001b[0m: 'numpy.ndarray' object is not callable"
     ]
    }
   ],
   "source": [
    "# importing necessary libraries \n",
    "from sklearn import datasets \n",
    "from sklearn.metrics import confusion_matrix \n",
    "from sklearn.model_selection import train_test_split \n",
    "\n",
    "# loading the iris dataset \n",
    "iris = datasets.load_iris() \n",
    "\n",
    "# X -> features, y -> label \n",
    "X = iris.data \n",
    "y = iris.target \n",
    "\n",
    "# dividing X, y into train and test data \n",
    "X_train, X_test, y_train, y_test = train_test_split(X, y, random_state = 0) \n",
    "\n",
    "# training a linear SVM classifier \n",
    "from sklearn.svm import SVC \n",
    "svm_model_linear = SVC(probability = True, kernel = 'linear', C = 1).fit(X_train, y_train) \n",
    "svm_predictions = svm_model_linear.predict(X_test) \n",
    "\n",
    "# model accuracy for X_test \n",
    "accuracy = svm_model_linear.score(X_test, y_test) \n",
    "\n",
    "print(svm_model_linear.predict_proba(X_test) )\n",
    "\n",
    "# creating a confusion matrix \n",
    "cm = confusion_matrix(y_test, svm_predictions) \n"
   ]
  },
  {
   "cell_type": "code",
   "execution_count": 46,
   "metadata": {},
   "outputs": [
    {
     "name": "stdout",
     "output_type": "stream",
     "text": [
      "1.0\n",
      "[[2.05841140e-233 1.23816844e-006 9.99998762e-001]\n",
      " [1.76139943e-084 9.99998414e-001 1.58647449e-006]\n",
      " [1.00000000e+000 1.48308613e-018 1.73234612e-027]\n",
      " [6.96767669e-312 5.33743814e-007 9.99999466e-001]\n",
      " [1.00000000e+000 9.33944060e-017 1.22124682e-026]\n",
      " [0.00000000e+000 6.57075840e-011 1.00000000e+000]\n",
      " [1.00000000e+000 1.05531886e-016 1.55777574e-026]\n",
      " [2.45560284e-149 7.80950359e-001 2.19049641e-001]\n",
      " [4.01160627e-153 9.10103555e-001 8.98964447e-002]\n",
      " [1.46667004e-094 9.99887821e-001 1.12179234e-004]\n",
      " [5.29999917e-215 4.59787449e-001 5.40212551e-001]\n",
      " [4.93479766e-134 9.46482991e-001 5.35170089e-002]\n",
      " [5.23735688e-135 9.98906155e-001 1.09384481e-003]\n",
      " [4.97057521e-142 9.50340361e-001 4.96596389e-002]\n",
      " [9.11315109e-143 9.87982897e-001 1.20171030e-002]\n",
      " [1.00000000e+000 7.81797826e-019 1.29694954e-028]\n",
      " [3.86310964e-133 9.87665084e-001 1.23349155e-002]\n",
      " [2.27343573e-113 9.99940331e-001 5.96690955e-005]\n",
      " [1.00000000e+000 1.80007196e-015 9.14666201e-026]\n",
      " [1.00000000e+000 1.30351394e-015 8.42776899e-025]\n",
      " [4.66537803e-188 1.18626155e-002 9.88137385e-001]\n",
      " [1.02677291e-131 9.92205279e-001 7.79472050e-003]\n",
      " [1.00000000e+000 6.61341173e-013 1.42044069e-022]\n",
      " [1.00000000e+000 9.98321355e-017 3.50690661e-027]\n",
      " [2.27898063e-170 1.61227371e-001 8.38772629e-001]\n",
      " [1.00000000e+000 2.29415652e-018 2.54202512e-028]\n",
      " [1.00000000e+000 5.99780345e-011 5.24260178e-020]\n",
      " [1.62676386e-112 9.99340062e-001 6.59938068e-004]\n",
      " [2.23238199e-047 9.99999965e-001 3.47984452e-008]\n",
      " [1.00000000e+000 1.95773682e-013 4.10256723e-023]\n",
      " [3.52965800e-228 1.15450262e-003 9.98845497e-001]\n",
      " [3.20480410e-131 9.93956330e-001 6.04366979e-003]\n",
      " [1.00000000e+000 1.14714843e-016 2.17310302e-026]\n",
      " [3.34423817e-177 8.43422262e-002 9.15657774e-001]\n",
      " [5.60348582e-264 1.03689515e-006 9.99998963e-001]\n",
      " [7.48035097e-091 9.99950155e-001 4.98452400e-005]\n",
      " [1.00000000e+000 1.80571225e-013 1.83435499e-022]\n",
      " [8.97496247e-182 5.65567226e-001 4.34432774e-001]]\n"
     ]
    }
   ],
   "source": [
    "# importing necessary libraries \n",
    "from sklearn import datasets \n",
    "from sklearn.metrics import confusion_matrix \n",
    "from sklearn.model_selection import train_test_split \n",
    "\n",
    "# loading the iris dataset \n",
    "iris = datasets.load_iris() \n",
    "\n",
    "# X -> features, y -> label \n",
    "X = iris.data \n",
    "y = iris.target \n",
    "\n",
    "# dividing X, y into train and test data \n",
    "X_train, X_test, y_train, y_test = train_test_split(X, y, random_state = 0) \n",
    "\n",
    "# training a Naive Bayes classifier \n",
    "from sklearn.naive_bayes import GaussianNB \n",
    "gnb = GaussianNB().fit(X_train, y_train) \n",
    "gnb_predictions = gnb.predict(X_test) \n",
    "\n",
    "# accuracy on X_test \n",
    "accuracy = gnb.score(X_test, y_test) \n",
    "print(accuracy )\n",
    "print(gnb.predict_proba(X_test) )\n",
    "\n",
    "# creating a confusion matrix \n",
    "cm = confusion_matrix(y_test, gnb_predictions) \n"
   ]
  },
  {
   "cell_type": "code",
   "execution_count": null,
   "metadata": {},
   "outputs": [],
   "source": []
  }
 ],
 "metadata": {
  "kernelspec": {
   "display_name": "Python 3",
   "language": "python",
   "name": "python3"
  },
  "language_info": {
   "codemirror_mode": {
    "name": "ipython",
    "version": 3
   },
   "file_extension": ".py",
   "mimetype": "text/x-python",
   "name": "python",
   "nbconvert_exporter": "python",
   "pygments_lexer": "ipython3",
   "version": "3.7.7"
  }
 },
 "nbformat": 4,
 "nbformat_minor": 4
}
